[app/ui]
version = 6.5.0
modtime = 1481454773.494947200

[app/launcher]
version = 6.5.0
modtime = 1481454773.526198000
